3 10
ISBC CAF NQI HVX CUW ACS
QOUU VBQ NIT OAP RIY SHN
IJSM LMZ MHD
148 NP7136 ISBC HVX ACS 333 466 372 267 139 94 83 280 428 397 401 171 69 153 4 257 339 403 56 296 342
190 KN3596 QOUU VBQ NIT 95 183 132 314 243 271 489 234 227 466 151 326 156 335 201 98 167 200 64 388 351
42 NR2236 IJSM LMZ MHD 217 19 216 110 135 121 1 41 294 148 44 27 368 277 279 266 400 474 313 449 61
187 HS5200 QOUU OAP RIY 196 119 485 248 45 20 103 185 500 348 150 467 341 411 72 154 249 51 253 415 241
222 GR6984 IJSM LMZ MHD 222 205 11 333 469 394 463 200 127 207 130 187 481 374 493 193 39 377 277 35 46
268 TA8105 QOUU OAP VBQ 500 153 473 33 458 336 74 361 291 85 377 464 283 473 292 189 122 77 235 488 290
104 LA6163 QOUU SHN RIY 205 61 205 25 148 83 117 293 4 346 317 97 167 64 204 414 308 11 300 114 284
267 MS3124 IJSM LMZ MHD 404 307 393 211 215 420 117 384 456 219 129 174 257 72 183 186 310 351 384 0 197
269 BV4449 IJSM LMZ MHD 268 419 76 366 74 231 27 185 60 34 133 30 380 13 478 24 217 248 261 275 367
103 VQ3814 QOUU VBQ NIT 374 37 438 4 49 130 337 391 480 417 165 246 316 154 97 398 271 30 355 298 211
