5 100
SRBM YIN QQP NMM RRH DAX QPV ZJL VNG BQD
FJSX FRQ UYN MHX GZL OGL FSA UQN MRT YED OPJ BKM MYB
ALIV DDK FCT EKQ NZP HHK
FFTC COP KUK YHB PXS FSN DET OJT GIK FUL CCD BEQ DDX
EOUY TTE NSI
2391 VQ9351 ALIV DDK EKQ 241 70 469 125 261 128 266 29 113 379 142 33 170 468 146 196 455 1 156 393 171
617 NV1107 ALIV HHK EKQ 376 218 357 296 119 84 19 304 296 132 245 168 147 11 89 43 314 357 10 95 264
2540 EJ1780 ALIV EKQ NZP 188 261 379 343 433 46 374 291 179 403 235 188 19 361 466 333 265 240 292 496 137
2866 UD1780 ALIV FCT EKQ 366 144 82 183 183 116 181 427 2 124 462 216 219 377 55 46 10 226 434 184 255
1427 RC2143 ALIV FCT DDK 234 259 108 128 394 188 338 498 451 40 161 141 360 10 429 373 328 17 108 448 53
544 AM1241 SRBM DAX BQD 234 45 292 207 8 194 186 152 437 467 414 294 101 210 241 48 199 170 56 270 314
1713 IB9569 FFTC OJT CCD 431 260 475 425 30 73 152 93 227 57 356 55 478 91 443 198 332 1 83 151 355
1795 RI3215 EOUY NSI TTE 189 173 443 200 351 192 331 19 222 65 357 490 119 205 259 62 360 342 310 305 21
1807 EQ7970 FJSX UQN UYN 408 73 153 34 299 384 313 316 267 18 118 64 428 404 266 55 347 255 362 259 183
2147 RS7294 ALIV HHK FCT 209 50 180 197 178 485 481 421 378 282 260 125 416 279 47 111 215 331 287 114 135
1420 HG3446 ALIV DDK FCT 41 486 242 310 500 117 187 156 297 364 358 461 451 370 480 414 392 100 28 27 310
1412 GF3754 FFTC DDX GIK 338 370 447 431 4 2 305 113 109 425 358 447 206 391 419 387 204 470 488 67 50
970 PS5394 FJSX FSA UYN 267 357 181 52 192 258 66 261 331 58 310 29 372 81 135 19 380 191 107 456 446
556 MV9271 ALIV HHK DDK 61 206 222 20 441 386 323 287 176 180 364 125 393 306 10 319 320 367 38 398 160
1004 ZG7490 FFTC FSN KUK 20 360 248 420 35 19 437 242 487 419 171 208 299 460 465 448 62 444 233 237 54
1018 PD6313 ALIV HHK EKQ 105 336 406 228 21 43 231 302 340 359 424 146 289 46 7 403 41 346 35 474 419
124 RX8056 FJSX UQN MHX 366 130 219 30 363 414 92 203 200 482 126 96 94 158 408 140 427 161 213 455 418
659 ID5328 FFTC PXS DDX 489 315 71 460 87 425 373 29 59 83 444 402 134 82 331 12 351 69 48 154 59
2428 DM7975 ALIV NZP HHK 105 390 111 244 488 374 435 477 32 463 208 354 285 213 128 46 228 45 180 195 166
206 MN7646 FJSX GZL YED 218 117 470 20 154 283 394 143 458 421 96 346 174 129 210 396 259 153 408 115 178
1240 NJ6254 EOUY NSI TTE 440 23 126 73 468 487 285 456 267 29 425 415 173 414 113 179 104 125 225 347 350
2339 DQ6125 FFTC BEQ CCD 269 207 290 96 169 125 91 415 29 492 463 25 95 311 479 409 235 140 422 359 258
2688 JD3664 FJSX FRQ MYB 424 335 140 436 196 389 56 345 405 3 250 450 90 152 393 84 360 388 83 103 358
2266 UV6552 ALIV EKQ DDK 231 279 236 175 189 310 466 492 465 267 5 25 169 70 152 30 177 63 158 153 433
2842 NZ2497 FFTC KUK COP 258 421 399 452 113 352 445 92 357 325 436 421 292 444 478 273 327 328 135 333 398
2296 YW2452 EOUY TTE NSI 496 90 82 283 431 394 287 172 384 425 428 298 155 139 144 474 204 451 492 249 371
473 UK2328 SRBM BQD VNG 209 134 340 81 200 119 500 252 80 56 247 0 149 161 229 373 216 120 289 383 269
2424 UJ3059 SRBM NMM YIN 236 307 387 69 436 82 335 78 247 276 389 2 212 215 89 271 405 222 259 179 426
2718 RQ3415 EOUY NSI TTE 459 217 375 238 386 452 464 461 483 254 453 200 103 498 209 220 39 376 76 345 207
221 QD3715 FFTC COP YHB 459 358 277 184 59 12 488 474 179 66 42 434 162 352 250 87 309 424 450 128 306
1506 RM8150 ALIV FCT DDK 94 323 116 131 347 398 444 406 3 98 120 147 230 78 210 343 382 408 376 107 461
2276 QK2602 EOUY TTE NSI 399 26 404 161 51 421 469 363 159 317 127 272 83 163 234 312 420 249 326 39 481
887 BJ4358 EOUY NSI TTE 213 169 121 213 194 231 274 15 345 119 280 115 266 400 486 455 423 435 43 267 394
236 QJ6920 FFTC GIK PXS 454 148 143 275 20 364 201 425 215 391 109 448 351 202 200 440 64 8 58 415 70
101 GU6400 ALIV NZP HHK 152 466 257 487 3 293 249 6 462 225 260 404 436 371 202 61 132 311 228 128 429
2478 GY4957 EOUY TTE NSI 258 319 454 336 12 77 182 263 27 192 378 149 54 462 41 73 208 458 439 484 209
2018 YQ9713 ALIV FCT NZP 443 216 11 246 386 229 355 277 214 433 442 488 159 304 52 307 28 18 481 394 346
368 IK3661 ALIV FCT NZP 183 334 265 66 355 218 349 383 94 193 137 64 335 185 220 10 13 181 372 332 383
1709 MM3255 ALIV DDK NZP 300 448 417 56 50 477 411 295 388 46 266 272 369 186 327 422 268 199 141 149 138
214 SU6401 EOUY NSI TTE 188 163 84 326 373 194 318 476 321 3 123 105 486 430 28 188 462 308 191 311 4
2169 JT7268 FFTC PXS DDX 228 102 221 133 259 64 139 282 273 80 92 11 290 386 347 60 311 413 189 252 95
2212 DN3939 FFTC PXS DDX 327 484 307 298 448 383 343 286 48 423 41 223 311 68 408 46 189 23 245 166 421
677 RE5250 FFTC DDX KUK 355 47 203 91 373 11 305 88 465 228 81 398 3 432 76 470 161 60 484 183 177
2049 SF4262 FFTC BEQ FSN 160 282 203 19 441 97 355 230 356 267 481 215 466 248 441 246 453 417 99 326 306
798 RR4818 FFTC OJT KUK 164 362 359 241 295 421 475 273 414 359 271 439 375 24 175 442 357 99 63 446 354
302 AB7275 FFTC OJT FSN 454 261 56 190 423 30 424 89 446 28 259 135 17 88 52 347 466 292 146 230 445
983 HJ9644 ALIV FCT HHK 91 389 348 446 90 157 31 128 300 179 200 207 148 9 188 432 251 49 173 207 354
1700 HQ2481 FFTC OJT COP 173 211 156 488 92 47 104 190 465 96 155 112 452 386 285 28 126 231 145 16 233
1141 LQ4176 FFTC YHB CCD 326 171 164 133 49 256 47 1 237 405 65 64 351 384 84 328 170 69 454 389 387
1813 SI8909 SRBM QQP NMM 325 321 33 18 64 12 366 456 151 26 360 420 437 223 290 139 264 420 452 266 110
2874 NS4008 FFTC KUK OJT 95 266 203 236 36 417 11 455 260 180 85 292 297 134 445 488 320 129 331 112 401
2001 UQ1895 EOUY NSI TTE 326 64 368 305 460 195 355 103 389 408 352 177 126 79 95 91 104 464 240 79 316
2586 RV8229 FJSX OPJ YED 267 244 130 103 448 490 134 446 499 391 237 218 486 301 283 178 328 401 418 197 52
2927 SL2646 ALIV NZP DDK 208 151 133 488 30 71 157 70 236 212 430 374 355 210 438 120 164 294 211 17 129
1087 DO7856 FFTC BEQ DET 99 404 362 191 234 37 329 152 361 197 276 0 212 177 458 30 383 155 17 173 401
996 IC8737 FJSX YED FSA 149 481 183 435 273 208 91 346 158 432 427 319 288 302 182 154 474 204 136 447 10
547 SE6819 FFTC COP DET 0 69 290 153 415 355 195 185 477 390 483 385 35 31 472 179 8 137 195 216 384
1913 RY6755 EOUY TTE NSI 110 98 498 289 409 273 282 359 392 41 202 408 255 343 203 306 187 492 265 353 476
1775 XP4672 FFTC COP DET 357 493 192 387 453 425 443 378 228 7 251 286 269 228 196 201 214 74 475 293 445
602 MO4112 ALIV FCT DDK 219 98 459 115 359 142 436 329 144 297 265 232 434 403 454 254 127 452 389 429 18
1178 AW2521 FFTC BEQ PXS 381 112 79 81 472 258 383 452 27 109 438 469 384 377 246 463 406 343 82 87 359
1622 AY4844 ALIV FCT NZP 500 158 155 416 498 352 105 424 473 370 443 480 456 343 27 331 479 36 79 392 92
534 JS9426 SRBM YIN ZJL 445 213 88 131 260 145 102 321 185 472 248 275 201 458 424 280 37 47 210 342 331
681 MS3067 EOUY NSI TTE 9 393 171 362 213 124 462 229 199 200 325 435 379 394 375 14 220 373 292 292 187
1485 ME1842 FJSX MHX FRQ 404 236 295 78 474 354 259 469 402 36 84 440 334 133 422 267 256 136 281 94 82
1653 VD8516 SRBM VNG QPV 320 418 360 211 495 123 91 454 18 269 193 300 301 487 24 74 262 420 67 343 271
859 HH7831 EOUY NSI TTE 470 137 382 239 335 20 372 79 39 463 182 158 447 281 171 341 38 161 415 238 463
2500 ME8071 FJSX YED UYN 341 323 184 178 145 74 298 251 156 286 378 268 216 180 38 144 393 276 113 19 0
1867 BQ9441 EOUY NSI TTE 393 74 262 321 240 383 216 106 203 84 289 37 344 251 19 348 344 357 402 5 478
920 VF5011 ALIV EKQ FCT 91 129 414 335 156 452 147 464 398 279 330 236 192 222 364 323 404 50 396 23 412
2457 TU6670 FFTC DET FSN 233 411 161 198 41 147 294 372 311 372 238 344 452 119 25 178 483 426 391 324 102
2059 OF1143 SRBM VNG RRH 46 1 314 345 397 352 305 91 3 391 134 71 138 25 266 468 9 418 21 381 68
490 JY3265 ALIV EKQ NZP 431 415 263 172 480 487 166 290 171 236 309 122 201 442 196 252 253 204 142 259 462
2261 OG3119 FFTC KUK DDX 332 394 29 46 43 59 83 202 429 474 468 396 133 194 292 447 44 362 298 13 88
2683 VX8559 FFTC FSN OJT 111 179 86 50 402 485 327 138 449 421 412 372 368 432 345 495 308 223 86 159 423
1744 PU5760 FJSX MHX MRT 187 431 141 106 438 269 458 416 329 222 81 453 412 361 467 407 226 275 306 381 98
788 LR7917 FJSX MHX UQN 81 33 252 278 12 473 72 288 344 75 329 264 358 346 359 274 481 253 455 189 470
2672 ZY3571 FJSX UQN GZL 431 94 400 372 80 5 303 269 489 271 94 303 70 344 359 11 373 450 12 228 344
2888 IT1349 EOUY TTE NSI 348 399 13 70 262 290 371 317 99 154 101 294 357 384 54 424 256 256 115 17 251
1698 GT6012 FFTC YHB DDX 137 263 37 453 201 251 110 333 289 224 334 312 97 80 65 152 165 292 171 2 90
524 RH2097 EOUY TTE NSI 281 443 387 450 373 157 436 300 45 210 277 286 305 125 26 362 465 356 235 171 462
2226 AL8329 FFTC KUK COP 434 207 6 197 363 341 92 339 158 364 464 326 270 372 132 265 80 13 413 408 476
2546 QX8317 SRBM RRH YIN 2 201 260 458 379 326 359 22 47 106 37 264 231 369 208 494 58 466 285 421 302
1390 RY3354 FFTC DDX KUK 175 410 180 473 344 169 34 77 60 460 107 22 353 293 384 442 33 417 295 113 329
273 RB5112 EOUY TTE NSI 83 203 488 4 149 319 53 94 196 500 330 135 297 144 432 247 245 449 358 268 224
38 OO8864 SRBM VNG DAX 130 174 134 446 74 49 20 278 480 8 47 283 42 479 37 93 358 285 166 24 85
1424 KN4141 ALIV NZP HHK 452 27 293 4 451 369 475 362 115 59 215 427 45 47 38 273 202 339 439 337 436
2147 HA4744 ALIV DDK HHK 286 18 304 378 42 379 390 258 408 337 315 78 64 303 319 11 446 14 478 424 198
2717 UV5658 EOUY NSI TTE 219 263 33 71 237 135 83 411 294 29 495 219 348 356 332 197 181 347 444 401 395
2544 LF6163 FFTC BEQ GIK 19 162 177 422 234 406 344 39 28 78 328 226 357 98 329 321 37 491 141 385 428
2303 LY8012 ALIV HHK NZP 354 3 425 60 10 233 110 424 79 234 73 280 473 401 449 488 31 72 398 234 357
669 NN2959 EOUY NSI TTE 475 382 474 14 293 91 423 164 319 318 490 68 270 245 278 469 446 34 89 222 91
654 QL3937 ALIV EKQ FCT 162 174 233 336 451 250 172 443 170 408 226 85 229 262 141 43 136 247 214 9 393
215 OJ8092 FFTC DDX CCD 298 499 152 140 295 48 35 182 91 144 398 266 91 360 431 371 88 119 335 463 425
2174 KD6219 ALIV DDK NZP 358 402 119 54 379 150 286 470 297 491 189 329 473 487 496 116 434 460 257 472 275
20 KZ5553 FJSX MRT GZL 97 410 462 272 241 288 498 471 305 293 473 282 124 200 195 125 407 314 480 157 86
2380 ZU9699 FJSX MRT UYN 382 235 32 400 53 336 160 146 429 62 341 57 239 79 380 167 223 329 415 340 215
217 NJ8281 FFTC OJT DET 102 415 255 90 292 278 122 199 432 444 120 8 134 125 495 293 468 471 465 375 249
234 RT4035 EOUY NSI TTE 94 91 1 101 64 235 418 495 200 44 403 70 153 482 309 74 8 17 270 342 57
1252 YH3200 ALIV HHK DDK 415 82 283 194 228 0 97 77 265 220 290 1 57 119 91 500 479 347 184 257 174
