5 100
OTHL OGD VGQ GAT LWT BUR
SKHG FXZ MDY NWS HQC VYN CPL AJN KGZ GBE
GGFI KSJ JMR LGO DLQ
AEYX KJK VCG LER TYV
HENQ NLC NOO GKS LZY ION UQL LIW
1994 RA6977 SKHG AJN HQC 29 65 438 275 39 125 140 379 174 487 221 144 484 458 355 415 485 489 463 189 11
2674 LK1459 AEYX LER TYV 368 239 18 111 482 275 385 104 68 343 263 369 222 164 51 324 77 344 141 279 454
285 FY2231 SKHG MDY VYN 249 179 94 30 45 120 416 107 329 417 201 234 50 433 183 485 324 404 101 78 25
2802 ST1210 SKHG VYN KGZ 2 232 323 160 443 5 207 433 129 69 8 231 392 155 353 434 340 235 219 256 279
2638 BW3613 HENQ UQL NOO 1 53 70 300 97 458 99 27 65 167 93 460 61 452 492 57 276 221 168 421 114
2041 YB4870 HENQ LIW LZY 64 266 186 159 236 73 487 109 350 365 360 55 329 341 84 121 124 81 145 30 264
896 IY5923 SKHG VYN KGZ 242 21 380 11 315 340 338 346 475 397 420 453 76 132 281 342 187 302 407 73 363
577 MB3250 OTHL BUR GAT 266 476 253 331 371 186 94 327 23 309 453 49 128 56 383 317 130 222 433 149 289
2355 LJ8105 SKHG NWS MDY 185 37 194 384 163 224 173 193 247 298 464 168 180 184 232 110 99 400 370 7 222
556 RY3235 AEYX KJK LER 44 6 422 204 54 413 29 344 93 442 35 341 177 435 444 370 54 23 462 370 31
1424 DO3649 HENQ GKS UQL 359 4 275 229 0 264 83 214 28 205 470 325 385 278 64 71 39 213 400 9 250
699 YL8763 HENQ GKS LIW 269 86 476 339 304 3 378 96 467 490 409 137 346 113 178 328 53 444 356 145 282
196 JK5854 AEYX LER VCG 357 156 216 37 154 101 29 144 489 309 70 268 113 140 29 108 481 388 4 420 462
1537 YL5980 AEYX TYV KJK 48 293 40 164 131 366 199 185 293 18 72 25 74 264 46 494 252 89 374 264 464
877 FP4980 HENQ LZY LIW 192 186 397 348 118 319 126 479 324 81 324 372 247 149 287 197 417 495 32 258 190
727 BK7385 AEYX LER KJK 484 453 481 296 176 171 78 169 124 405 106 340 143 208 280 110 486 353 467 84 437
2305 WQ4618 AEYX KJK TYV 29 97 498 149 209 230 167 25 340 437 396 283 36 402 311 227 496 436 453 301 35
2533 TD6513 GGFI LGO JMR 396 15 373 94 403 53 297 444 284 366 41 393 500 490 9 180 299 268 179 272 436
1248 SO7413 SKHG FXZ NWS 210 215 151 145 302 250 178 434 348 159 463 222 64 297 497 157 99 422 291 67 361
1973 UC3636 HENQ NOO LZY 227 77 214 415 479 411 72 455 419 321 203 177 457 52 348 474 486 244 20 148 456
2981 GS3982 AEYX LER KJK 153 340 350 213 75 21 330 22 338 195 62 47 101 112 89 477 324 134 72 294 316
379 RP1389 OTHL BUR OGD 13 77 125 230 272 322 373 455 295 379 311 213 431 255 161 422 192 143 189 450 436
1304 BE5343 SKHG NWS HQC 185 198 105 292 179 427 288 368 0 21 25 177 113 20 294 199 66 23 54 318 252
1205 HT2553 HENQ LIW LZY 166 15 448 181 268 432 212 273 191 462 87 176 301 51 306 433 175 190 482 436 233
405 LT8080 SKHG NWS FXZ 237 420 339 124 34 153 345 240 293 308 156 489 254 315 464 32 492 411 393 495 5
2445 IH3117 HENQ GKS ION 258 460 121 70 79 226 86 322 456 372 396 32 41 215 206 390 424 477 255 75 471
1704 KU1575 HENQ LIW UQL 488 353 62 2 51 324 298 91 271 233 46 451 82 113 401 464 5 119 303 130 423
1302 HS5200 OTHL GAT VGQ 320 444 162 270 422 183 32 75 242 454 328 434 456 292 427 260 342 125 322 13 372
2953 QF5776 SKHG HQC AJN 461 304 213 165 53 119 255 256 182 55 232 187 195 101 412 270 248 366 23 339 71
830 LZ2505 GGFI DLQ LGO 440 90 54 77 469 493 42 209 438 460 316 479 188 334 138 201 52 61 422 483 174
1410 WO4259 HENQ LZY NLC 15 89 19 173 54 489 285 390 215 31 70 336 58 196 203 378 52 334 139 421 334
1327 BH6999 GGFI LGO JMR 479 447 195 285 457 66 465 119 73 396 5 163 314 479 377 439 186 272 96 104 323
2226 IU6288 HENQ NLC GKS 206 154 411 341 418 241 243 434 132 112 59 368 271 28 242 406 236 360 180 84 226
621 OP8529 HENQ UQL LZY 376 145 4 45 315 409 390 320 45 236 114 188 249 339 371 458 212 232 236 64 242
2924 QQ9383 SKHG HQC CPL 457 138 367 495 396 224 54 446 265 121 144 70 435 452 4 291 147 275 244 150 134
268 OB2611 AEYX LER TYV 316 358 321 221 290 354 258 319 255 270 433 209 266 459 217 50 382 427 456 264 422
1706 AJ8561 AEYX VCG TYV 298 414 456 28 474 109 154 276 413 389 28 124 35 277 414 448 196 192 54 338 124
2184 NT3542 OTHL VGQ OGD 492 473 276 443 429 329 75 87 84 187 393 411 176 217 10 4 252 163 213 60 133
1530 JN8912 OTHL VGQ LWT 182 233 198 157 490 495 272 141 190 78 190 236 160 486 211 400 229 102 374 289 191
987 RO2320 GGFI KSJ JMR 349 59 461 340 172 444 361 299 38 196 245 311 177 383 273 117 235 76 199 389 59
2647 TX1983 SKHG CPL AJN 101 480 378 229 292 95 103 457 248 188 34 228 195 397 366 191 275 8 347 66 388
1113 PH3168 OTHL LWT BUR 475 70 158 96 500 328 176 428 216 164 386 10 6 12 149 336 288 383 228 40 217
1372 RF5128 SKHG KGZ FXZ 6 261 382 367 484 446 8 395 305 431 349 181 25 260 315 41 475 13 90 109 471
2109 HB1600 AEYX KJK VCG 436 223 191 6 0 316 308 127 280 54 265 66 304 452 386 233 282 234 260 41 201
1885 NI1688 AEYX LER KJK 195 243 456 282 433 419 428 129 272 185 331 362 440 291 89 91 426 477 463 106 146
835 TK6987 SKHG CPL NWS 305 326 88 376 256 470 159 149 480 177 481 72 396 206 74 84 389 285 436 483 147
2204 YS2179 OTHL GAT VGQ 413 42 147 432 316 112 382 94 304 138 282 416 126 165 227 239 216 341 33 18 476
2419 UJ3926 HENQ NOO UQL 275 251 56 136 216 399 44 295 204 272 71 1 142 374 92 146 52 452 325 487 377
2094 SN6660 SKHG VYN FXZ 255 185 474 304 443 376 256 19 353 304 206 389 41 185 45 32 341 32 239 315 286
1193 CD4515 OTHL OGD GAT 239 145 445 15 330 476 95 481 363 309 356 363 391 372 13 237 400 346 128 383 236
556 SG7555 GGFI KSJ DLQ 251 196 134 467 220 211 262 116 356 346 166 214 78 365 449 486 206 73 293 42 16
2013 PZ3265 AEYX VCG LER 295 110 199 192 338 206 185 481 172 271 9 328 332 277 451 253 359 458 87 231 399
2048 SI5870 OTHL OGD BUR 51 174 463 381 343 327 22 435 229 184 317 200 83 490 154 363 454 412 69 391 78
1871 NL3630 SKHG VYN FXZ 57 41 183 50 329 398 86 18 498 419 136 420 424 136 344 212 477 382 232 499 235
2705 VG5876 SKHG VYN FXZ 159 84 15 108 288 258 112 74 233 358 284 419 262 392 371 3 395 384 490 295 37
2842 GT2277 GGFI KSJ DLQ 341 222 463 190 160 8 306 11 46 254 38 320 402 122 133 11 217 157 302 28 474
766 GI2602 OTHL GAT VGQ 294 292 309 154 154 249 195 348 198 262 71 217 215 173 174 7 331 291 500 14 159
379 JB1993 HENQ ION LZY 96 55 344 454 475 341 238 98 175 3 344 233 97 419 176 188 298 384 492 436 400
1484 UH2381 OTHL LWT OGD 252 416 165 32 268 485 387 17 167 71 366 453 342 37 451 284 1 250 407 437 77
1327 XZ1011 AEYX KJK TYV 78 270 388 430 8 477 104 74 127 308 232 378 305 34 106 368 305 456 259 17 134
1326 FU4748 AEYX VCG KJK 457 442 164 181 325 301 193 403 482 273 366 185 139 251 255 201 205 230 357 319 139
1140 OT8008 AEYX VCG KJK 426 312 391 382 139 196 51 154 129 363 276 189 450 169 212 176 258 477 283 87 405
642 HF7943 AEYX VCG KJK 244 443 139 326 78 388 401 252 112 14 481 241 228 469 54 303 415 376 26 16 413
1334 HH5026 SKHG MDY VYN 85 325 207 145 328 235 225 209 28 183 384 452 60 413 270 135 371 444 222 445 259
764 KF5674 HENQ GKS NLC 93 463 280 244 59 278 489 344 384 170 39 435 267 224 362 108 451 138 306 378 178
1998 YS3084 HENQ LZY NOO 346 494 288 433 297 235 258 402 446 119 493 17 350 209 306 193 493 453 418 311 108
436 XT7284 HENQ NOO ION 408 152 328 265 121 32 41 478 337 443 191 416 239 373 405 36 474 446 168 483 239
2621 TY7283 HENQ NLC LZY 450 486 131 223 433 392 269 0 8 136 312 14 498 289 52 27 125 104 54 289 182
2080 RT3693 GGFI JMR LGO 485 371 134 304 32 128 19 411 283 406 313 124 153 160 306 467 425 72 182 455 161
2314 YS8954 AEYX VCG LER 455 301 242 338 41 132 330 271 349 124 206 268 120 60 276 46 461 222 490 119 394
1111 NG2840 OTHL BUR GAT 132 420 50 449 299 450 25 245 54 199 307 395 454 287 99 257 117 233 223 447 474
1204 KG1408 OTHL LWT GAT 399 131 129 51 314 89 149 392 377 175 86 187 454 317 346 12 317 259 0 323 401
83 BI8641 HENQ GKS NLC 71 186 373 127 446 493 3 387 229 236 323 346 497 1 286 27 223 467 406 13 40
2356 XW4568 GGFI LGO KSJ 269 264 48 161 49 485 113 466 251 427 238 8 194 463 271 371 295 59 359 76 97
1852 WD2150 AEYX TYV KJK 398 239 355 71 452 24 200 243 157 41 411 79 244 359 324 265 8 7 72 264 6
1567 EY9982 HENQ ION UQL 114 382 396 380 339 462 337 370 54 467 49 420 295 425 78 7 230 434 434 361 92
1226 JU4028 OTHL LWT BUR 138 103 169 443 285 298 375 12 58 31 120 295 260 438 227 260 355 399 13 332 311
1850 CE1485 SKHG MDY VYN 70 335 480 165 90 382 393 404 62 338 337 434 7 181 221 136 484 396 334 118 128
2470 CE6996 HENQ NOO LZY 274 349 491 301 219 60 125 297 317 312 118 318 128 392 15 359 377 303 237 320 31
2562 PE5383 HENQ ION LZY 286 334 312 435 448 50 46 60 5 488 459 462 420 389 165 221 439 471 90 116 265
840 MA7428 AEYX VCG TYV 265 105 438 352 105 271 251 281 280 47 262 255 240 228 31 242 342 419 409 62 375
1494 GN2723 OTHL GAT BUR 293 445 184 113 243 392 295 144 157 32 100 53 307 408 131 429 5 241 301 241 144
1084 VU8899 HENQ NLC LIW 449 289 208 271 257 105 69 1 210 202 364 345 42 238 205 90 331 66 382 36 299
1276 HO6322 OTHL LWT VGQ 124 92 475 118 155 263 357 59 85 76 108 318 373 195 414 45 106 479 140 106 247
2282 XX5071 OTHL VGQ GAT 471 404 359 399 190 17 13 183 272 296 127 346 416 333 103 151 38 255 33 312 73
2172 IL5709 AEYX TYV KJK 302 335 455 191 322 168 77 9 229 415 416 484 87 322 292 422 456 241 83 142 205
2911 BU2296 GGFI JMR LGO 461 126 19 138 204 339 228 324 99 113 156 366 418 272 342 176 161 52 21 330 182
1635 XP1862 SKHG GBE MDY 453 356 110 493 153 291 216 158 365 336 321 237 143 371 236 362 450 234 446 319 144
881 WT5213 OTHL OGD LWT 309 258 13 100 111 188 303 431 346 139 256 337 431 310 184 33 215 242 325 258 118
2279 PP4630 SKHG VYN KGZ 225 177 22 148 140 480 462 175 145 83 357 423 464 112 18 247 243 265 423 193 338
548 BT1022 GGFI JMR LGO 98 178 227 309 109 267 450 497 422 293 403 318 381 496 393 119 201 446 203 401 8
786 AJ8361 SKHG AJN MDY 349 450 41 124 390 481 326 126 19 417 214 260 469 426 298 29 258 135 105 48 169
909 XS5253 SKHG GBE CPL 139 370 272 380 456 51 484 275 310 67 116 273 369 183 142 183 188 231 290 380 243
832 KI1087 HENQ NLC GKS 258 385 254 8 67 57 242 335 289 258 489 284 248 297 416 250 446 487 359 64 58
8 WU4911 AEYX LER TYV 275 363 132 173 485 20 274 477 69 354 479 374 390 111 431 173 432 250 91 400 357
1736 GB7708 AEYX KJK TYV 433 467 166 161 292 182 387 317 472 396 264 370 447 345 209 32 105 192 401 12 368
1801 JB8568 HENQ LZY NOO 218 12 125 131 50 446 131 471 54 253 384 145 287 159 20 193 69 244 200 273 194
2721 IF8167 OTHL VGQ BUR 322 398 8 433 162 493 142 181 93 168 5 274 253 344 122 403 47 338 303 88 274
1740 KJ5751 SKHG VYN FXZ 121 209 385 211 270 361 13 170 126 2 209 273 402 227 389 16 67 17 82 86 68
2065 RS1536 OTHL GAT VGQ 104 471 494 174 414 350 80 293 36 472 50 119 369 164 43 236 423 305 126 197 412
