5 100
WQSY PBN CDO HPM DKB OYL DWU XLO
AMZJ ZGZ EZO UDK WJC WSY
GTYI YVS SQX WPJ IUG DME FYV ZCN ROX OGL XTT
ZCDT WUZ GQQ CJB SHF SBR YBK AYX LCU KNV RJG QRQ
IDRA FVF ZXD QTY HPC YIQ NCJ
887 NP8141 ZCDT YBK QRQ 435 148 451 449 66 248 376 266 160 140 122 402 117 291 199 97 100 139 84 19 363
1226 CI6823 ZCDT QRQ LCU 360 258 209 318 291 408 427 52 383 66 119 334 210 39 22 139 314 150 160 363 13
1211 CP8037 GTYI XTT SQX 393 191 252 364 410 365 213 139 471 375 204 266 345 20 410 406 184 403 487 179 69
1018 EF4648 ZCDT QRQ YBK 46 350 257 193 252 303 141 141 456 350 216 487 215 130 397 497 426 332 310 316 344
2005 AE7262 GTYI ROX ZCN 310 366 346 224 323 105 18 321 278 312 294 474 307 255 336 451 417 30 440 295 71
1995 QF4765 AMZJ WSY WJC 101 317 93 429 92 181 456 467 481 418 463 403 154 465 331 345 384 302 46 40 43
2791 UG1000 AMZJ EZO WSY 357 479 358 449 197 17 77 341 21 291 393 463 492 372 476 267 31 180 377 96 129
1892 KS4285 IDRA HPC ZXD 484 112 333 328 71 441 194 195 408 200 403 396 44 403 392 328 131 383 46 137 209
1039 TT2884 ZCDT WUZ YBK 160 413 213 125 157 214 437 224 127 37 309 145 498 146 306 390 416 278 224 107 494
2982 MV5132 IDRA QTY HPC 248 294 46 179 461 144 197 49 355 243 310 213 103 442 81 234 348 196 39 277 215
2616 GX3971 IDRA YIQ ZXD 26 349 21 240 348 175 249 174 136 186 386 321 27 132 127 44 486 207 204 467 145
2000 GT8205 GTYI WPJ XTT 27 22 314 383 97 81 401 147 226 121 367 366 34 328 1 262 296 343 465 407 137
1129 QS6782 WQSY DKB OYL 315 203 405 137 67 175 426 305 12 236 274 13 424 484 368 255 72 176 392 342 129
2126 FX4951 IDRA ZXD YIQ 89 166 330 3 287 356 160 94 492 175 319 408 30 98 479 478 355 478 202 117 131
2881 UU6266 GTYI FYV ROX 127 251 263 42 67 314 112 347 392 202 458 335 488 266 158 396 58 307 302 399 120
2411 QE4666 WQSY DKB DWU 112 38 89 165 98 140 247 107 111 9 34 48 267 8 408 263 425 116 362 66 57
2966 CA4629 IDRA YIQ NCJ 212 220 462 120 376 245 296 264 398 408 7 6 343 134 16 158 419 33 433 129 242
1156 RT9408 ZCDT YBK LCU 313 80 422 184 195 392 226 371 103 283 172 181 366 383 432 362 86 42 207 10 65
2955 ZC4232 WQSY HPM XLO 258 154 219 457 311 368 300 17 281 273 181 480 205 495 195 242 426 37 150 289 107
1548 MK1284 IDRA HPC YIQ 261 236 358 461 359 204 474 313 255 51 380 28 227 202 80 16 83 152 209 449 187
933 GC6746 WQSY CDO XLO 381 474 182 126 220 386 389 359 405 346 293 321 240 91 402 473 365 361 330 89 287
1457 EU3767 AMZJ WJC WSY 32 166 214 5 280 272 14 401 50 404 264 386 161 397 276 97 106 201 469 87 208
643 KJ6396 WQSY DKB DWU 201 429 166 148 434 158 397 65 152 410 35 30 398 366 328 129 389 159 477 74 240
557 NV2785 IDRA ZXD YIQ 134 197 19 78 393 336 375 7 11 252 100 253 121 496 404 134 344 243 286 42 477
2113 JQ6883 WQSY PBN XLO 163 254 29 497 18 312 109 233 160 93 297 307 212 491 390 59 183 42 174 232 479
2835 DO9371 GTYI ZCN XTT 423 88 250 194 318 307 213 145 368 350 259 309 473 308 387 352 493 427 33 102 281
605 IB2263 IDRA QTY YIQ 213 229 452 420 22 485 451 369 469 218 450 147 158 270 215 332 56 122 198 388 348
1744 DW9737 AMZJ EZO WSY 420 273 97 278 116 97 130 441 53 384 413 211 290 58 206 470 27 56 193 412 143
2742 ZM8819 WQSY DWU CDO 167 396 422 314 314 256 43 266 74 138 438 323 191 277 150 163 3 170 93 449 330
2160 MB8755 WQSY DKB DWU 140 86 416 334 259 495 410 156 331 323 103 211 373 380 215 186 256 135 273 315 15
2078 YV1743 IDRA HPC QTY 391 258 455 455 448 37 291 317 483 112 390 459 164 195 75 287 333 271 49 441 193
2997 GZ8627 AMZJ ZGZ UDK 155 128 2 477 314 1 193 331 491 43 458 110 282 468 361 304 70 326 424 355 244
811 EV8335 GTYI FYV ROX 268 351 435 165 135 332 172 59 45 76 302 319 229 130 483 166 38 66 361 306 167
43 KN2716 IDRA NCJ ZXD 38 418 229 406 38 332 11 403 80 131 288 22 128 60 166 217 167 210 150 284 196
1247 CX2610 ZCDT LCU GQQ 270 83 113 142 119 8 407 24 396 144 365 211 425 391 295 500 103 497 454 257 105
2987 EK9518 AMZJ UDK WJC 440 218 69 21 292 291 437 221 223 442 139 67 499 393 315 256 462 67 201 109 453
2578 LU1091 GTYI WPJ XTT 70 304 13 239 242 137 191 411 329 147 230 282 421 396 261 187 367 20 166 3 282
2066 PA5529 WQSY HPM XLO 277 172 220 376 298 244 25 407 130 307 416 366 382 30 434 82 242 474 365 23 60
2011 EK5998 IDRA HPC QTY 109 477 112 397 456 309 16 500 324 409 270 107 268 213 186 410 241 468 258 340 367
869 NP5950 GTYI YVS ZCN 146 233 248 134 418 134 414 265 276 90 151 187 240 176 194 1 129 169 397 39 327
2926 ZU7922 AMZJ ZGZ WSY 212 73 482 205 247 141 57 41 408 228 325 188 395 421 284 382 307 100 365 365 431
524 RU4935 AMZJ WSY UDK 18 405 149 99 451 47 38 199 460 21 53 449 323 253 287 254 173 242 217 57 363
2405 VK1891 GTYI IUG YVS 315 34 245 104 217 408 392 349 195 134 389 177 5 431 313 303 140 137 336 59 415
2679 AZ7152 IDRA ZXD NCJ 296 472 45 361 40 12 208 7 286 293 261 437 0 445 466 200 316 442 109 383 292
1594 MQ7520 IDRA ZXD HPC 456 189 429 243 398 125 373 395 462 76 271 17 458 247 493 383 247 76 40 318 139
2994 MQ4649 WQSY XLO DWU 271 232 488 252 477 257 166 491 76 481 200 307 379 272 360 371 14 441 225 367 465
199 YM2844 IDRA HPC FVF 8 102 202 50 113 144 102 165 313 452 113 164 441 250 461 390 483 123 424 411 331
819 IV3397 GTYI FYV IUG 175 91 335 187 271 137 255 102 30 443 393 12 464 268 270 387 126 66 229 367 69
2837 WR8705 GTYI YVS ROX 375 242 360 96 106 479 182 411 236 327 430 103 438 374 459 68 156 373 106 382 427
148 TU5605 ZCDT QRQ AYX 465 246 410 473 293 174 330 146 91 473 216 40 423 201 194 390 332 276 86 417 101
1347 IE1120 ZCDT KNV GQQ 221 357 427 479 478 473 303 492 273 13 410 288 151 403 62 48 467 201 165 2 315
1970 YM5038 IDRA FVF NCJ 95 278 487 56 290 113 243 201 145 500 113 257 319 437 13 452 473 315 477 470 245
302 LQ8202 ZCDT WUZ SBR 244 1 471 243 402 117 252 433 281 460 280 68 62 323 186 137 308 433 210 8 389
1157 MB5716 GTYI XTT YVS 70 144 24 329 294 268 56 76 308 345 90 378 150 16 376 147 283 424 126 127 261
2348 XN5521 AMZJ WJC WSY 207 18 94 449 48 419 345 330 395 494 422 78 153 0 55 163 155 152 207 412 62
2838 DZ4231 ZCDT RJG KNV 184 134 151 321 223 253 104 230 369 472 415 10 429 296 58 166 273 219 260 118 479
616 QC6923 IDRA FVF HPC 144 24 321 39 210 283 37 213 157 184 155 316 306 215 195 367 341 197 36 478 426
2099 VM8791 IDRA QTY HPC 444 136 180 337 465 189 365 158 498 24 94 315 222 293 272 352 90 276 459 274 66
1691 FT3081 ZCDT SHF YBK 171 342 308 15 66 10 266 75 292 355 249 84 76 75 478 410 167 441 358 224 60
2541 EC1594 AMZJ ZGZ UDK 414 377 423 142 368 295 236 11 306 424 337 332 393 251 129 238 245 455 244 225 409
1964 CQ3852 WQSY CDO DKB 69 213 390 212 179 221 435 65 320 366 392 79 158 484 16 39 398 387 469 11 213
642 ST2100 AMZJ EZO ZGZ 426 399 231 345 205 168 388 473 65 50 463 300 488 363 267 48 467 455 227 99 207
279 OV4554 ZCDT SHF LCU 171 124 340 264 343 489 448 329 457 481 498 471 354 99 33 101 116 344 451 59 428
9 KF5759 ZCDT GQQ LCU 55 285 82 431 397 421 355 399 367 343 121 428 20 133 484 275 375 460 143 100 341
97 AC8893 AMZJ EZO UDK 282 271 165 126 320 83 82 198 26 208 433 275 225 153 181 430 408 101 244 33 58
2043 UA2932 IDRA FVF ZXD 269 495 125 0 416 11 183 497 416 73 222 216 30 497 208 451 104 296 27 329 343
470 RQ2890 WQSY DKB PBN 200 360 397 351 462 160 392 45 468 458 326 57 14 258 169 209 288 351 328 93 180
1225 US6678 ZCDT SBR GQQ 131 176 368 127 454 267 125 263 34 428 143 136 112 15 87 203 70 265 464 209 309
1944 VS5201 GTYI OGL ZCN 332 126 281 173 145 276 77 480 274 171 148 153 95 209 148 374 185 97 250 379 9
202 LM5481 AMZJ EZO WJC 357 165 393 142 23 164 221 305 98 205 311 249 100 132 361 302 302 392 222 99 76
161 WE8143 AMZJ UDK WJC 242 290 246 166 421 154 190 92 315 289 380 6 299 130 259 193 463 82 157 10 318
2333 WY7322 ZCDT WUZ AYX 361 224 374 29 448 299 122 31 323 253 319 420 241 37 97 395 325 387 36 274 114
1967 YB2742 IDRA YIQ HPC 162 184 449 180 258 262 431 232 116 216 423 162 55 268 98 457 371 330 101 411 469
18 XW4956 GTYI IUG XTT 362 152 302 464 434 343 197 67 15 396 357 454 329 455 15 436 219 426 204 422 47
320 QX1759 GTYI FYV ZCN 495 190 160 308 12 78 381 17 88 152 87 408 129 222 63 111 473 15 153 414 446
1562 YA5160 AMZJ WJC ZGZ 464 173 434 176 153 221 203 36 242 355 404 313 311 149 447 351 213 361 254 179 449
2613 HW3855 IDRA QTY NCJ 289 80 102 478 151 225 319 127 340 359 399 128 283 459 239 307 23 417 127 5 214
1931 YZ9316 AMZJ ZGZ UDK 380 443 496 121 224 325 326 349 321 253 102 92 28 268 441 288 28 411 109 358 56
994 BC3230 ZCDT WUZ SBR 116 496 160 386 9 295 291 5 150 426 222 77 33 293 464 6 21 93 402 496 334
80 CC3461 GTYI DME IUG 266 414 258 286 252 139 265 480 200 47 256 125 471 489 18 246 388 429 433 128 72
634 XR7203 IDRA FVF QTY 415 213 493 320 136 182 357 383 212 369 494 16 137 72 494 172 113 496 207 470 244
547 XO2797 WQSY DWU OYL 106 445 121 322 120 194 174 184 335 274 102 39 373 90 127 480 100 473 228 101 95
486 MR8758 WQSY CDO XLO 118 316 85 286 16 390 293 27 419 114 195 406 498 27 436 426 39 78 309 243 173
1742 AG1168 AMZJ UDK ZGZ 328 263 376 137 213 192 378 160 317 90 287 464 482 24 209 467 227 433 18 56 4
197 QA3093 WQSY DKB CDO 404 321 96 79 182 441 109 255 376 145 94 245 354 170 100 403 199 29 81 20 208
2028 NL5756 WQSY CDO DKB 498 349 401 252 54 168 394 3 217 62 247 367 489 298 322 409 251 493 347 447 128
673 LL1257 IDRA QTY FVF 235 472 497 162 476 454 304 245 87 10 135 42 93 359 219 121 445 271 249 428 181
61 XD8404 WQSY DKB OYL 260 158 13 31 220 443 169 233 468 365 438 109 149 343 496 412 456 36 170 40 50
2223 TE9208 WQSY DWU OYL 198 487 380 172 95 345 102 103 57 273 31 206 191 453 154 444 144 270 92 93 230
2792 AT4994 WQSY PBN DWU 46 252 27 448 321 333 236 345 394 482 453 362 400 200 343 220 41 327 57 138 379
1933 PR8175 AMZJ WJC ZGZ 19 257 375 9 57 153 240 177 46 472 135 437 455 122 456 50 403 119 266 97 46
1284 WC1548 AMZJ EZO UDK 422 406 427 176 286 198 270 122 109 143 72 466 32 242 225 467 46 348 67 429 111
1082 OI6429 AMZJ WJC EZO 52 86 179 287 2 22 411 67 126 477 2 226 7 228 332 293 149 437 125 278 161
1228 RQ6933 WQSY PBN DWU 234 329 115 414 35 106 355 53 293 288 24 85 322 6 281 435 258 332 54 97 426
2156 NZ5800 WQSY HPM PBN 494 424 257 257 388 342 275 400 367 377 28 58 182 254 122 434 90 181 366 244 370
2781 DD1622 WQSY HPM CDO 466 138 266 63 54 294 249 205 216 369 79 47 425 360 184 118 462 433 22 397 453
1 TC8445 GTYI SQX XTT 71 292 377 185 314 47 181 194 210 102 88 173 12 408 81 414 459 338 70 23 65
2255 TX7007 ZCDT CJB SBR 97 215 430 17 279 90 240 221 138 40 226 419 349 36 305 326 145 392 392 499 124
506 PE2866 AMZJ UDK WSY 137 433 409 50 352 284 69 104 323 456 81 147 3 252 131 288 303 86 7 303 11
1172 KF6240 GTYI WPJ ZCN 461 319 430 285 128 51 163 477 6 1 214 477 22 175 300 437 231 338 251 444 6
