4 20
KCUE UGK VSE LHI
IOOQ VWD KCG YLL NVE
RQYP DBN YYL CDF CKN ZIP FMQ QMS
ERKB WZY JOJ BRO JVF ULK ARO FVU
390 GB5475 KCUE LHI VSE 478 123 364 170 362 413 493 131 232 467 242 450 379 409 260 72 357 454 143 273 477
46 SI5540 IOOQ KCG VWD 2 413 269 381 348 306 406 191 219 266 471 144 71 270 94 415 119 102 175 464 138
222 LR3134 IOOQ KCG VWD 346 431 162 12 8 145 221 35 194 289 153 197 480 419 79 446 146 36 408 485 360
448 GJ1699 KCUE UGK VSE 175 409 117 392 166 422 475 103 192 14 172 275 369 471 172 475 9 371 320 326 434
203 NL7343 KCUE LHI UGK 364 223 263 214 128 391 39 448 29 378 486 131 419 26 27 432 377 48 349 13 22
93 MP5810 KCUE LHI UGK 179 442 41 163 481 108 234 328 196 274 270 159 234 260 2 456 179 373 256 452 28
272 AD3718 IOOQ VWD NVE 314 431 398 231 140 338 423 434 250 21 259 448 327 125 444 78 182 312 56 118 349
106 ZU5938 KCUE VSE LHI 327 72 483 144 54 40 373 460 454 13 18 13 297 284 361 155 149 269 16 156 148
383 RP7698 ERKB WZY ULK 117 427 36 29 41 80 87 438 468 243 64 95 443 137 2 297 459 172 441 499 276
432 XT6977 IOOQ KCG NVE 462 393 170 295 459 52 29 366 329 406 93 423 62 389 44 449 396 328 237 154 275
117 WC5441 IOOQ NVE VWD 261 78 99 428 329 442 255 90 370 261 487 204 85 427 262 103 257 366 443 382 114
177 CV9815 IOOQ NVE YLL 188 256 128 434 199 72 351 375 471 478 306 125 83 275 57 130 18 102 438 244 365
337 XV8633 ERKB WZY ULK 280 229 205 291 170 473 344 468 221 233 294 332 446 170 136 300 92 178 286 300 147
219 XU7199 ERKB BRO ULK 223 339 100 179 262 235 254 267 485 23 363 280 383 24 456 479 313 213 383 395 72
362 TG5438 RQYP ZIP QMS 264 422 125 434 139 199 176 193 405 435 317 483 190 263 450 173 378 191 446 285 132
21 GU2322 RQYP YYL CKN 457 448 452 188 222 409 447 476 190 309 283 107 161 34 149 415 293 255 284 497 236
284 TJ3648 IOOQ VWD YLL 160 299 112 306 214 419 3 427 117 429 40 220 460 236 409 486 361 131 288 363 498
250 CK2402 RQYP QMS CKN 33 241 92 500 447 320 141 397 260 301 34 412 47 40 425 301 232 2 411 281 302
210 XL2603 KCUE UGK VSE 285 282 11 125 184 54 255 393 119 188 216 211 38 312 184 335 471 293 363 497 465
60 HH5200 KCUE LHI VSE 118 121 498 224 240 25 26 219 396 285 56 403 126 436 71 91 94 142 170 381 123
