5 100
ZFSG SJU IYS QNV LUY LCJ CKB MNC
TTSK RLF ADI ZRO IBG
EHSP WQN EKO GDZ
GXGP SVT HMY
ZUJO QHP BYO WKZ SIM RFO DKE YWW
2352 ML6062 ZFSG LCJ CKB 397 190 2 490 279 126 302 389 12 444 497 162 443 363 398 183 441 237 241 382 309
1726 DO7736 GXGP HMY SVT 35 428 408 182 423 32 371 111 412 146 303 243 242 73 283 184 470 15 52 424 122
461 LW9015 ZFSG IYS CKB 154 34 294 327 132 436 493 420 149 262 347 87 303 367 172 184 282 87 395 121 54
1921 RO8518 ZFSG QNV SJU 28 45 3 73 211 443 294 419 124 5 442 104 66 49 52 327 111 452 327 289 400
2456 TY1447 ZUJO RFO WKZ 273 60 37 22 434 291 336 51 452 500 175 234 200 50 1 386 56 187 256 369 403
917 SA2206 TTSK ADI IBG 220 229 307 340 265 286 472 324 225 483 128 14 426 414 242 274 280 173 51 308 78
1728 KJ5649 ZFSG QNV LCJ 323 57 131 390 151 375 448 92 435 197 80 172 395 241 212 254 39 144 281 52 25
341 MC5678 EHSP WQN EKO 488 308 253 77 226 157 497 46 56 307 412 262 171 431 493 104 174 101 391 79 42
445 ZO7644 ZFSG MNC QNV 187 342 217 157 489 241 39 398 296 0 258 486 126 20 454 419 415 312 329 257 297
646 WV8689 ZFSG SJU IYS 277 158 389 318 97 99 25 76 209 190 360 299 76 372 454 450 301 129 417 422 2
158 YX1903 ZUJO DKE SIM 498 314 367 64 332 207 428 351 193 444 484 259 164 220 432 352 7 102 98 159 54
2978 GL4910 GXGP SVT HMY 203 22 114 410 126 388 133 156 339 49 380 297 386 305 362 193 438 466 112 341 334
603 ZT4883 EHSP GDZ EKO 319 228 391 162 246 185 262 404 401 212 291 61 462 365 344 21 308 422 466 364 156
2621 AX2750 ZFSG QNV LUY 438 230 311 375 53 435 383 227 261 364 376 348 327 478 72 322 248 367 192 428 117
2931 IR6170 EHSP WQN GDZ 257 20 448 497 98 149 233 72 16 445 473 85 223 201 7 396 444 433 89 392 316
903 AF7413 EHSP GDZ WQN 472 324 337 420 314 408 378 383 443 130 377 9 337 475 228 84 81 210 493 302 261
1896 GO6249 TTSK RLF ZRO 270 329 345 478 35 370 303 361 497 96 330 395 439 422 55 60 479 400 420 240 381
2993 JH2964 ZFSG LUY CKB 188 35 70 44 490 476 370 200 391 4 88 493 232 337 234 134 85 400 424 483 200
1883 OT9532 GXGP HMY SVT 479 415 480 406 424 407 162 170 230 208 119 199 196 104 313 340 467 426 263 205 70
1235 QC5923 EHSP WQN EKO 91 180 28 5 7 406 348 459 172 28 243 354 282 369 223 149 46 206 160 194 230
1077 FI3661 TTSK ZRO RLF 448 183 358 391 65 365 377 140 303 157 93 458 241 457 290 405 358 213 66 170 8
1252 CD8074 ZFSG LUY CKB 385 387 306 76 66 473 202 313 189 254 22 75 128 350 345 324 427 423 155 422 182
1276 JU1285 TTSK RLF ADI 436 404 14 215 203 2 116 0 20 416 196 107 216 291 407 232 163 425 207 238 234
2076 YF6504 TTSK ADI IBG 412 138 453 356 197 395 222 76 244 481 402 57 126 484 238 453 271 47 465 277 92
210 SI3252 EHSP EKO WQN 362 59 344 84 286 434 121 254 184 431 34 45 98 456 5 5 444 212 452 164 439
870 MV1466 EHSP GDZ EKO 408 266 402 161 98 62 371 304 478 327 2 220 216 285 418 402 49 433 24 115 219
1517 QS5048 ZFSG IYS MNC 395 409 500 143 292 476 341 12 176 243 213 370 55 8 393 437 408 215 261 273 399
2486 NK9290 TTSK RLF ADI 392 382 360 273 241 142 149 95 418 61 204 80 225 467 116 28 344 428 430 111 185
436 GY3990 TTSK ZRO RLF 82 74 465 229 286 63 110 196 118 395 54 443 323 240 54 70 317 25 397 456 62
1235 IN6461 TTSK RLF ADI 179 109 112 198 416 408 42 342 133 265 126 195 461 236 87 232 252 293 370 499 458
841 IS9199 ZUJO YWW BYO 126 75 95 386 409 80 23 319 290 211 171 142 159 34 99 115 395 210 309 253 463
2674 YT5665 TTSK ADI RLF 80 421 459 449 282 467 438 448 13 283 164 401 242 359 119 434 92 152 134 179 309
615 WY6979 GXGP SVT HMY 2 500 397 73 270 268 271 86 487 92 173 131 182 355 238 405 9 229 476 17 132
2746 NI9878 ZUJO QHP DKE 314 165 496 246 117 413 402 140 467 157 48 447 153 74 70 247 114 391 29 151 88
727 MA7378 EHSP EKO GDZ 22 254 324 166 278 211 226 209 90 319 73 399 425 238 32 72 125 186 25 309 339
898 JD7686 EHSP EKO WQN 306 364 234 491 234 494 449 497 165 249 452 288 123 301 315 451 284 77 118 57 186
1826 OE6296 TTSK ZRO RLF 264 216 101 122 247 179 217 113 43 318 5 403 234 356 135 249 249 442 231 388 367
2880 UH9080 TTSK IBG ZRO 176 99 122 217 184 407 39 210 492 279 460 137 496 351 485 240 296 406 205 262 44
2647 DU2124 ZFSG IYS SJU 337 433 451 206 120 318 405 227 305 137 470 296 45 56 207 257 142 354 30 89 36
2706 MG3799 ZFSG LCJ IYS 171 46 146 188 360 20 61 274 201 57 154 402 128 217 487 340 278 340 405 500 283
968 VD3478 ZUJO WKZ RFO 490 13 446 18 427 463 394 436 112 113 230 135 178 95 455 362 238 99 367 498 38
1447 UA9502 EHSP GDZ EKO 417 415 223 45 321 367 86 161 296 85 96 43 429 3 442 11 250 68 431 381 134
88 KZ4389 ZFSG IYS LCJ 279 134 295 181 22 285 309 257 170 251 195 117 123 55 234 498 460 363 91 184 405
1655 ZA3881 ZFSG LCJ SJU 183 60 456 241 372 12 26 465 498 25 75 316 449 449 70 306 254 190 337 27 332
1271 ZD2363 TTSK ZRO RLF 126 241 342 193 173 388 204 315 193 82 153 291 481 154 240 128 246 303 438 264 177
1032 AO7054 ZFSG SJU LCJ 64 187 383 198 190 487 82 225 27 397 463 133 360 139 312 401 374 219 458 336 329
899 GO9911 ZUJO BYO WKZ 284 387 150 223 488 284 447 318 432 209 74 363 106 281 380 291 259 447 192 378 343
1066 IS9022 EHSP GDZ WQN 39 190 220 124 81 379 90 446 84 395 417 413 31 187 441 237 291 273 2 225 380
612 VL4562 EHSP EKO WQN 136 176 160 49 136 429 379 330 16 327 205 109 128 500 495 246 150 128 244 393 166
2 KT2848 ZFSG QNV SJU 163 107 286 62 290 366 250 250 213 414 244 202 402 424 203 191 252 172 362 405 0
59 OB7273 ZFSG MNC LUY 450 119 180 218 175 132 179 159 98 374 285 9 67 296 443 225 394 495 14 500 256
326 YL3443 EHSP WQN EKO 103 417 231 487 354 254 387 274 463 89 77 464 490 447 464 122 462 160 169 437 153
224 FG8127 TTSK ZRO ADI 235 373 393 272 100 250 302 351 430 132 192 440 397 119 223 108 288 76 353 350 113
643 GL6225 GXGP SVT HMY 337 438 485 346 321 261 334 304 106 198 175 124 88 386 462 77 412 212 65 353 390
1283 FI1343 EHSP GDZ EKO 292 158 368 221 32 3 458 33 123 26 111 400 278 469 68 187 274 293 393 488 320
2217 CV5811 GXGP HMY SVT 45 21 409 169 73 61 451 79 231 386 244 365 449 415 204 43 364 391 264 106 172
549 VM9323 ZFSG IYS QNV 443 266 67 208 474 271 418 235 155 302 30 13 319 16 139 241 483 357 380 93 143
269 NB7005 GXGP HMY SVT 430 197 41 292 150 47 73 43 57 267 421 64 134 88 36 497 441 129 229 337 111
1186 WO4943 EHSP EKO GDZ 416 335 422 155 277 266 202 380 1 100 28 418 390 267 238 489 351 427 226 409 406
1167 VR2866 ZFSG SJU IYS 72 408 309 276 105 217 152 280 279 394 334 335 164 176 220 201 32 103 47 332 162
8 OE1633 ZUJO YWW DKE 17 4 70 405 314 193 299 485 320 197 492 146 93 337 136 38 401 13 480 344 56
1221 NZ7010 ZUJO BYO SIM 102 242 409 352 114 435 215 451 399 447 179 49 441 96 271 149 134 45 334 80 352
2756 DB9978 ZUJO YWW RFO 8 30 417 176 456 310 497 40 494 24 421 298 409 293 329 106 367 115 6 133 309
2044 BU9664 ZFSG QNV LCJ 472 63 10 474 422 389 23 480 248 413 175 493 369 491 429 39 182 424 177 111 296
75 KY8859 ZUJO SIM RFO 101 459 86 29 186 481 35 414 391 62 161 106 68 48 406 474 134 321 261 455 465
192 YR8562 ZFSG LUY CKB 496 272 21 369 346 392 67 9 68 98 192 460 446 31 220 434 88 191 426 384 175
2513 MZ6561 ZUJO DKE QHP 224 353 230 448 6 372 368 440 12 1 277 396 263 95 152 288 449 365 152 258 292
1567 GJ3751 GXGP HMY SVT 460 403 407 144 280 313 46 432 66 290 73 156 278 95 81 153 449 458 406 52 219
1771 BB6988 ZFSG LCJ LUY 36 223 430 24 383 324 193 201 415 345 276 387 449 366 248 478 197 79 406 326 25
666 HZ3789 ZUJO BYO QHP 498 380 332 283 334 73 169 386 432 96 440 323 6 231 253 282 142 325 131 240 469
2667 WN5757 ZFSG LUY CKB 35 187 261 389 366 232 200 221 82 339 195 498 395 152 476 141 486 146 253 400 239
1476 TB9654 ZFSG QNV LUY 301 476 353 357 444 64 233 402 196 281 118 75 349 467 476 192 497 164 5 40 334
2896 UN9938 TTSK RLF ZRO 325 407 304 97 427 10 477 100 102 45 375 309 197 123 64 94 306 155 267 354 468
2615 PO8325 TTSK ZRO IBG 22 62 371 223 105 139 57 453 326 262 236 368 282 31 77 453 234 380 384 489 323
1391 OR3105 GXGP HMY SVT 469 358 214 288 313 126 45 383 251 477 396 36 41 366 421 269 59 430 440 238 124
2649 JA9704 ZFSG CKB LCJ 91 63 155 344 242 108 375 446 344 336 200 491 199 490 425 244 282 288 82 27 274
2240 IW3933 EHSP GDZ EKO 179 457 333 473 58 169 351 87 210 202 386 14 414 32 346 194 105 316 416 315 69
180 YM6910 GXGP SVT HMY 152 76 216 212 229 74 173 332 252 190 156 327 249 22 198 185 439 202 245 256 344
652 YK3669 TTSK IBG ZRO 362 476 61 125 455 465 157 69 289 497 139 113 35 58 29 345 336 286 215 23 375
1251 UG8156 ZFSG LCJ QNV 280 248 33 345 78 317 405 166 73 347 54 354 330 446 152 408 387 74 465 70 9
2710 ZE8449 ZUJO RFO DKE 248 66 251 260 46 442 314 219 79 6 70 378 18 210 393 132 228 142 485 286 320
1477 EX4537 ZUJO WKZ RFO 59 460 1 320 71 395 143 191 398 358 431 66 9 324 416 193 41 388 97 152 44
2434 XX2794 ZUJO DKE WKZ 480 252 139 197 381 70 384 7 235 457 403 118 147 144 213 106 200 397 100 352 285
395 WE1790 ZUJO BYO WKZ 271 273 159 49 436 101 292 250 364 381 297 309 87 194 332 306 229 480 218 95 487
253 GL3702 ZFSG SJU MNC 165 111 500 288 350 435 310 426 448 386 197 33 489 339 356 495 100 148 90 434 32
992 FN1074 ZUJO RFO YWW 106 289 348 88 246 469 209 302 467 207 325 166 104 26 195 402 306 222 450 366 452
1111 JC4824 ZUJO WKZ SIM 141 209 5 63 16 339 352 289 270 477 268 156 85 316 463 305 118 48 42 366 439
2932 DD6208 EHSP EKO GDZ 21 262 383 375 493 457 427 395 171 135 253 220 159 107 61 315 310 401 88 114 264
1641 MC6275 EHSP EKO GDZ 336 142 72 443 387 411 192 113 425 264 456 170 315 55 383 392 15 86 165 446 93
792 KR9273 TTSK RLF IBG 455 61 8 122 141 433 254 157 250 116 342 326 448 187 443 498 305 431 38 199 203
2495 CG6320 TTSK ZRO RLF 134 229 282 329 57 2 17 0 138 192 227 180 74 484 199 114 283 397 187 203 337
972 BB7414 TTSK IBG ADI 83 29 227 317 84 401 67 141 484 61 452 427 142 492 424 359 119 257 370 471 327
223 IY8767 EHSP EKO GDZ 88 294 97 231 431 29 8 39 302 68 484 43 243 243 73 222 273 144 362 5 144
470 DT6716 GXGP SVT HMY 226 278 352 224 163 306 493 102 85 262 198 474 324 485 170 486 403 481 456 89 206
2394 CB9751 ZUJO SIM RFO 86 379 102 274 89 238 384 316 203 331 242 18 461 137 198 204 44 477 336 3 112
2146 RF2615 ZUJO QHP RFO 202 41 417 238 102 217 164 485 61 217 386 498 484 246 292 85 370 158 241 471 50
771 UJ6779 GXGP HMY SVT 233 68 92 188 80 317 272 466 497 249 429 475 325 187 143 5 89 492 247 205 461
1124 NL3201 GXGP SVT HMY 497 423 500 68 68 484 211 362 59 365 78 208 329 91 187 345 4 485 245 130 106
1774 IH4945 ZUJO WKZ YWW 440 263 261 120 27 294 333 401 22 78 136 57 188 410 108 254 442 370 442 392 75
2127 FO8271 GXGP HMY SVT 277 239 217 195 319 49 271 56 53 172 366 456 121 127 326 230 258 452 108 83 475
