4 20
JVVK SCA RGD OTM ZMX
VDRA TQW FKJ KQK XZA ZVM RXH
TIDV CGH ZRV OKX ZNB YAU SUC KYS
BRKX MWR MHS WQK HKL WCR ILF PBE
374 XV3175 TIDV YAU OKX 464 307 403 5 11 188 59 227 195 143 299 496 397 28 106 200 429 495 145 173 300
557 GJ2282 VDRA ZVM KQK 346 446 171 409 352 360 284 497 14 263 87 496 77 141 68 132 378 442 293 73 163
235 XC5345 TIDV YAU SUC 263 255 4 187 241 52 288 382 127 406 371 366 314 377 216 25 15 21 31 67 94
299 UK1061 BRKX WCR WQK 47 99 389 133 463 427 363 183 61 316 28 292 92 139 241 365 59 388 270 451 316
460 GI7962 VDRA TQW RXH 280 230 375 246 422 52 172 103 167 126 73 315 243 292 438 475 370 204 4 270 476
447 IQ7031 JVVK SCA ZMX 136 155 32 254 419 312 360 437 177 53 18 225 368 256 493 211 450 421 211 364 195
264 VZ8618 VDRA FKJ RXH 255 275 83 331 218 245 80 443 192 89 284 346 106 352 452 197 292 179 475 405 216
117 DV4581 VDRA KQK XZA 484 318 356 419 136 417 352 82 497 304 0 16 18 89 400 63 43 472 268 347 191
272 TN1344 JVVK OTM SCA 74 216 42 389 216 319 135 38 73 250 451 340 219 212 478 39 30 150 279 27 438
48 UV6984 JVVK OTM RGD 90 483 81 429 315 130 144 387 392 152 54 63 141 52 499 84 164 128 76 359 426
545 EB6673 JVVK OTM RGD 437 183 326 236 302 296 386 393 90 461 453 495 261 52 177 107 54 392 466 482 389
26 XZ3312 TIDV CGH YAU 387 343 158 54 173 491 56 415 445 318 390 444 37 400 246 189 474 278 255 363 85
504 WM2834 TIDV YAU SUC 390 433 114 437 340 462 378 387 244 47 352 390 122 412 435 201 387 414 425 323 245
501 FQ3188 BRKX WQK HKL 241 442 220 186 406 442 397 216 477 92 201 264 298 84 400 190 492 57 408 366 241
453 MX2096 BRKX MHS WQK 127 385 322 33 367 431 405 23 249 129 22 138 33 347 215 48 250 179 459 425 280
236 PL7648 BRKX PBE MHS 47 322 176 320 274 94 299 143 140 356 282 316 340 375 364 405 291 361 495 264 432
531 HM9636 VDRA ZVM XZA 427 187 12 252 445 419 54 494 161 428 443 257 123 208 314 49 169 469 163 374 259
202 RR3020 BRKX ILF MHS 342 312 174 234 229 333 230 414 312 213 388 133 144 475 117 323 419 104 161 299 394
216 XY6882 TIDV OKX ZRV 288 316 375 166 491 392 85 176 93 95 254 257 254 405 360 392 10 377 116 59 447
42 AQ4705 TIDV ZRV YAU 308 320 385 303 90 15 110 339 340 55 289 235 397 105 62 237 490 107 250 25 422
