4 20
GAOO AGK CSW GQA
NPRF DZX XSL WWD CNO GPE EBF RSH
QUVC LGU DXM VYZ
AUQI FGP FSP PIX DSM SYL
41 JI3242 QUVC DXM LGU 63 84 423 27 325 239 230 195 478 155 239 157 431 380 426 324 400 168 22 324 409
488 ZS4171 NPRF CNO DZX 74 245 161 117 149 293 268 81 65 488 29 136 182 302 421 311 318 9 31 336 432
512 VR9975 NPRF GPE WWD 222 31 395 176 95 336 308 498 206 129 149 283 4 229 251 257 182 118 3 132 226
451 BV5379 QUVC LGU DXM 136 257 0 382 458 326 451 293 405 98 186 466 134 127 263 299 388 462 407 145 69
158 ZO8811 GAOO GQA CSW 232 470 79 401 58 439 132 315 94 211 117 493 414 446 379 451 491 286 61 55 424
384 WI9492 QUVC DXM VYZ 333 29 17 217 311 249 485 166 327 165 456 432 376 466 72 254 361 345 66 156 471
247 YT4676 QUVC VYZ LGU 247 38 305 425 418 363 131 144 175 305 299 468 361 427 169 281 375 4 23 102 398
457 SN9875 QUVC LGU VYZ 70 429 469 122 280 391 11 416 341 295 452 129 280 433 45 93 61 400 198 282 444
504 UC2715 QUVC VYZ LGU 485 53 231 314 470 442 228 493 284 439 369 164 445 84 157 142 467 445 222 177 349
372 CO8265 QUVC LGU DXM 409 455 482 183 416 254 257 441 204 494 310 114 140 90 227 454 157 62 204 16 144
258 JT9188 NPRF GPE XSL 349 495 19 433 261 309 70 292 357 301 186 470 314 225 127 53 289 43 481 17 497
278 VV2012 GAOO CSW AGK 305 127 141 221 287 0 97 96 326 201 280 79 456 391 167 253 24 52 398 434 84
528 WB9472 AUQI FSP SYL 418 239 41 70 168 131 250 349 368 47 374 13 180 277 340 159 31 39 445 4 105
220 DK8977 QUVC VYZ LGU 309 446 31 21 379 417 263 186 293 8 121 218 310 419 393 329 421 244 239 453 64
285 BZ4125 AUQI SYL FSP 13 62 117 367 440 111 314 435 375 413 234 234 310 234 405 168 293 124 154 285 376
240 GX8719 QUVC VYZ DXM 115 404 371 118 155 392 495 194 77 53 255 60 286 72 386 170 253 410 326 245 123
80 PQ7150 NPRF CNO EBF 162 292 96 10 225 363 40 296 474 253 238 304 85 31 54 369 244 465 266 484 364
59 FT6424 QUVC VYZ LGU 373 50 167 148 341 384 451 389 145 249 66 350 243 5 449 437 360 15 90 405 418
532 JH7378 NPRF XSL CNO 99 108 347 440 43 68 404 97 277 154 465 457 414 401 322 211 129 87 31 251 420
4 SB6237 GAOO AGK CSW 337 220 85 253 444 131 377 152 167 285 335 448 43 273 453 252 343 305 334 445 132
