5 100
HGFW ETT YYH
DXVZ XDA LIE YKT FQU OUM LZZ HCU BPZ JJQ RRD
OOAZ XXV BAC GNO ODI XGV UWY QZO WFQ HWE
ESMH QHW SMQ RPJ CLP LRB RLH OHR FZU WFF FDJ TBM ARK
BQYR DJO CBK
773 BW1558 DXVZ FQU YKT 88 77 178 14 287 331 326 73 137 152 211 340 151 61 147 369 211 120 154 342 26
838 DR7257 HGFW ETT YYH 369 205 457 154 473 395 251 476 70 263 34 318 216 9 316 42 19 58 267 362 281
583 UD2640 HGFW ETT YYH 171 203 236 402 352 304 178 238 390 392 239 308 256 212 201 194 138 88 298 4 300
2160 RM4892 OOAZ UWY BAC 302 234 342 362 144 319 198 251 121 151 168 489 123 350 266 192 7 347 236 186 298
1903 XI3826 DXVZ XDA FQU 197 157 450 431 423 345 383 373 20 492 448 381 119 106 223 69 241 271 345 148 162
572 FQ9107 BQYR CBK DJO 428 22 178 70 71 28 172 381 411 307 203 149 382 242 90 8 461 318 358 142 406
803 CF7184 OOAZ HWE QZO 89 428 218 285 245 160 81 208 322 175 395 324 207 192 263 53 230 42 164 415 26
2195 VZ4334 ESMH OHR TBM 398 78 81 374 217 73 338 239 479 100 133 284 69 264 91 302 455 72 168 85 387
1177 TD6914 OOAZ XXV GNO 476 493 182 25 383 275 385 26 174 294 258 217 325 430 89 180 160 407 442 401 289
618 TF9145 ESMH ARK RPJ 63 154 483 444 457 125 40 392 419 234 365 178 317 338 24 256 291 29 83 478 293
1510 SF3778 HGFW YYH ETT 69 250 20 359 352 26 500 123 173 208 132 251 353 163 360 454 57 41 412 136 41
2198 NG9097 ESMH TBM ARK 7 306 460 134 189 74 489 82 164 331 438 332 487 122 61 200 50 275 212 286 87
2089 ER5436 ESMH FDJ QHW 98 109 416 218 27 497 348 179 471 60 359 233 318 453 386 415 393 209 361 452 367
28 AD8511 OOAZ XGV UWY 477 127 138 203 362 243 49 167 500 201 205 176 432 44 321 202 120 383 357 286 459
1775 BB4270 OOAZ ODI HWE 430 169 244 50 226 50 76 67 388 276 500 229 107 359 155 361 179 56 307 96 399
575 SP7534 ESMH FZU LRB 370 156 386 348 274 379 230 480 254 37 194 295 107 378 131 339 452 190 454 12 145
2953 AJ8203 ESMH QHW CLP 461 117 38 192 58 100 244 410 0 21 102 396 171 158 14 17 232 15 29 391 332
2565 HV3499 BQYR CBK DJO 320 14 381 434 230 421 71 205 420 351 451 80 310 317 448 235 294 431 34 428 287
2539 UJ5490 BQYR DJO CBK 332 161 200 272 222 237 105 197 107 214 33 223 85 497 154 24 66 439 162 461 478
2379 YO1892 HGFW ETT YYH 68 142 440 471 346 80 402 262 139 242 88 400 409 329 274 156 98 120 439 322 185
2204 YW6909 HGFW ETT YYH 282 419 320 438 160 490 166 76 250 413 76 208 290 361 142 472 253 47 248 87 339
765 GN7223 ESMH WFF TBM 398 223 143 184 431 282 180 357 357 275 445 498 140 235 164 123 39 305 12 215 10
2919 HM1539 HGFW YYH ETT 198 180 471 187 166 419 43 282 178 473 113 310 41 288 256 411 80 170 146 82 97
1164 GB2251 DXVZ OUM JJQ 105 77 210 364 174 373 392 411 405 493 393 305 428 438 302 392 419 201 53 487 392
1343 VN4012 BQYR DJO CBK 229 22 331 53 147 404 271 259 37 417 334 369 487 151 175 77 447 103 462 83 218
2186 GN4286 OOAZ XGV GNO 181 428 417 165 431 168 113 477 450 196 344 316 302 396 204 478 153 216 130 283 49
1172 QZ7189 BQYR DJO CBK 74 323 497 158 288 471 81 488 233 465 63 171 167 298 290 149 275 199 469 441 281
1566 OO3776 BQYR DJO CBK 110 22 103 452 318 408 65 277 0 239 340 234 138 396 495 223 469 94 321 467 193
2483 TP5785 DXVZ LIE JJQ 256 45 63 297 59 311 248 151 244 280 338 351 41 426 24 330 222 375 124 444 203
555 AY4830 HGFW YYH ETT 392 310 465 31 237 448 395 378 57 194 419 164 140 233 293 22 61 448 48 15 347
2568 XE2964 BQYR CBK DJO 242 63 347 139 82 14 47 393 410 61 222 23 138 57 438 180 266 417 328 208 328
1333 IC8069 ESMH FZU LRB 73 77 272 416 318 198 298 278 420 478 468 250 499 340 370 465 214 89 323 413 239
2340 AB9997 ESMH RLH SMQ 200 282 26 489 296 204 135 208 472 428 347 309 320 67 203 295 178 305 114 170 155
781 ND2907 DXVZ FQU YKT 40 308 49 264 67 397 211 144 302 364 50 386 463 329 159 236 238 307 155 74 25
1323 GZ3604 ESMH RLH FDJ 341 314 8 160 53 78 273 11 296 111 178 97 339 118 61 279 428 120 58 77 322
956 WL1684 HGFW YYH ETT 320 99 4 144 351 73 467 303 181 410 267 146 261 378 303 4 391 441 362 233 121
2027 ER7855 HGFW ETT YYH 483 56 12 381 192 28 195 410 218 58 18 416 141 247 273 215 187 200 185 67 349
1089 PX2040 HGFW YYH ETT 406 433 426 460 436 460 78 375 340 239 38 148 217 280 264 340 169 372 105 498 177
1269 MJ4305 ESMH CLP LRB 111 277 420 100 62 100 183 66 44 126 33 294 252 133 162 7 482 88 377 133 134
2521 CE5753 HGFW YYH ETT 89 177 40 438 153 85 93 180 56 187 197 202 158 95 255 247 359 290 181 286 450
1043 YK3785 OOAZ HWE ODI 191 75 46 1 419 470 294 13 330 134 150 395 407 458 1 297 242 475 377 127 154
2101 JW3429 OOAZ ODI QZO 154 23 264 112 258 222 294 3 139 495 340 442 9 371 304 340 306 395 415 478 163
82 GI5277 DXVZ LZZ RRD 437 152 427 464 37 57 28 103 32 22 285 161 385 83 306 375 309 460 12 400 27
2767 QA2257 HGFW YYH ETT 406 372 340 476 417 499 7 205 405 298 478 81 395 274 58 422 277 26 256 284 347
1524 LY8535 DXVZ FQU LIE 158 78 72 76 282 400 259 358 118 469 118 136 277 165 56 388 487 419 272 308 409
1461 AC5194 ESMH FDJ SMQ 214 499 176 10 94 250 237 66 11 70 253 239 483 152 308 286 449 155 98 17 85
1198 IB2245 ESMH ARK QHW 302 73 408 67 196 373 247 415 296 199 353 342 28 314 443 26 357 225 70 244 147
963 XY9223 BQYR DJO CBK 348 332 119 318 260 183 347 0 426 252 137 191 282 484 88 62 416 253 18 462 183
1817 OA6178 OOAZ XXV ODI 444 403 4 105 422 331 499 161 31 77 316 273 300 205 19 464 450 2 331 353 270
2288 PJ1199 BQYR DJO CBK 364 64 149 316 193 238 13 85 357 52 103 319 455 344 21 296 301 105 222 254 335
754 CC5139 DXVZ HCU YKT 14 318 395 38 426 497 303 475 14 263 427 165 168 276 366 37 59 138 500 362 213
222 NN8794 HGFW YYH ETT 90 223 230 423 126 471 373 152 40 363 309 179 147 319 206 408 75 94 285 201 207
1796 GI1622 OOAZ XXV HWE 486 121 137 23 129 78 120 91 159 419 246 433 497 107 18 370 198 286 168 61 493
2186 ZL9305 ESMH LRB RLH 322 499 380 215 196 231 194 116 466 316 329 128 73 252 101 457 480 41 201 387 236
622 ZH5553 HGFW ETT YYH 66 292 387 223 73 60 310 254 254 5 330 37 114 375 261 253 356 215 150 42 194
1034 HB4869 OOAZ GNO UWY 88 168 264 357 494 292 167 382 122 191 77 184 279 352 266 38 370 102 443 472 253
723 ZU2189 DXVZ RRD OUM 330 359 202 398 46 83 5 254 296 219 346 438 493 9 308 286 360 251 166 285 247
2740 JY8593 BQYR DJO CBK 188 25 466 484 111 176 336 99 256 15 142 461 101 478 293 270 106 76 32 329 472
2003 MP8221 DXVZ FQU JJQ 283 38 246 401 94 458 145 57 157 44 288 180 290 266 350 56 482 229 127 317 413
1680 YT9777 HGFW YYH ETT 412 33 229 435 401 0 97 70 149 471 178 368 475 13 460 203 18 480 278 357 146
1948 NG9020 OOAZ QZO GNO 467 397 232 139 232 231 331 42 176 431 31 137 331 395 358 285 112 265 71 68 290
2713 EA6659 ESMH LRB FDJ 368 297 325 156 349 312 174 104 417 104 175 400 177 466 36 176 55 178 326 49 60
219 TL2982 HGFW ETT YYH 361 132 423 289 295 34 428 234 1 158 389 197 204 379 218 474 71 461 412 199 424
2018 BR3605 OOAZ HWE UWY 190 214 294 61 174 270 254 215 103 64 285 247 96 30 25 67 149 343 388 50 205
2050 UF7703 HGFW YYH ETT 242 159 137 28 369 382 112 90 49 197 89 126 384 353 487 433 199 1 382 286 271
2542 MG3708 DXVZ YKT FQU 176 164 118 369 158 288 360 224 44 324 51 35 36 87 454 208 374 236 224 3 256
2171 RW1919 DXVZ JJQ YKT 489 192 244 181 376 159 477 110 5 332 29 208 378 30 154 399 230 408 16 396 351
2648 PT3901 ESMH FDJ FZU 187 93 493 50 441 463 398 196 224 340 255 129 397 362 112 44 471 262 357 214 273
733 JA4280 HGFW ETT YYH 409 75 365 255 338 5 398 14 99 318 20 42 358 278 391 16 174 375 106 58 201
2092 SI1629 DXVZ HCU LIE 383 207 227 241 13 261 99 236 232 215 60 149 115 67 217 5 426 171 332 383 52
885 VH3678 HGFW ETT YYH 497 290 79 85 347 300 245 377 411 4 343 40 172 370 353 185 246 448 386 34 120
1238 TN6868 BQYR CBK DJO 82 396 373 259 381 218 40 1 487 388 202 486 148 470 285 40 239 391 69 100 77
2273 ZF5864 BQYR CBK DJO 166 471 125 376 399 497 222 312 431 21 185 439 354 131 282 423 344 365 13 336 106
2560 FN9192 OOAZ XGV BAC 332 395 439 144 153 266 197 1 29 320 64 10 249 373 333 61 117 65 79 66 188
1307 ZT7628 HGFW YYH ETT 76 190 299 16 425 195 478 492 455 234 134 414 418 129 434 192 338 381 254 191 381
1910 XF7494 HGFW YYH ETT 140 392 68 64 40 441 447 34 492 42 355 289 419 368 308 492 339 44 311 461 456
2205 GF8356 DXVZ FQU LIE 195 400 306 391 306 227 292 17 219 349 191 59 193 222 378 496 25 420 270 67 478
2362 AE4495 BQYR DJO CBK 83 274 4 248 56 18 47 208 304 207 373 3 481 126 140 69 461 497 81 76 213
2459 XS8911 BQYR DJO CBK 86 211 74 133 346 277 238 214 331 417 250 58 15 290 14 367 411 64 155 271 93
171 JT3277 OOAZ WFQ BAC 405 462 132 49 428 246 229 333 38 94 95 311 0 475 51 418 462 81 310 107 221
2994 ID6771 OOAZ GNO BAC 145 448 118 498 367 28 275 173 106 281 264 341 20 140 386 38 86 324 304 235 450
1984 DX4272 ESMH FZU RLH 436 74 387 336 60 353 151 191 273 406 110 24 331 83 432 370 327 307 343 271 307
1080 NH2676 BQYR CBK DJO 365 258 366 329 460 216 77 141 219 176 434 205 0 463 169 294 250 265 347 294 396
280 ZR8988 DXVZ LIE HCU 394 287 303 232 338 402 104 49 296 491 208 313 327 214 476 488 305 415 290 251 46
1465 XS6670 DXVZ LZZ RRD 496 476 202 302 309 87 179 348 497 192 82 496 65 500 273 287 24 431 99 431 103
1810 AT4579 HGFW YYH ETT 46 260 388 267 266 117 6 431 297 138 64 344 125 376 234 359 390 483 221 400 256
109 AF6242 BQYR DJO CBK 386 307 10 496 467 468 357 347 499 247 368 213 69 114 172 446 262 286 397 483 281
2011 YM2218 HGFW ETT YYH 382 211 51 215 258 157 367 333 90 83 152 329 89 242 384 355 386 276 34 89 498
483 LM3957 ESMH FZU LRB 427 407 109 69 321 165 438 277 135 400 191 378 181 44 442 324 37 237 440 461 149
2622 HE3431 ESMH RLH FDJ 267 140 11 96 260 76 259 286 119 409 414 341 223 457 14 479 190 60 133 157 444
74 VD8687 ESMH CLP WFF 4 409 313 150 139 339 311 92 50 246 176 9 460 473 160 331 175 387 298 51 461
1002 UB9133 OOAZ BAC UWY 164 398 370 353 37 112 311 220 134 433 203 67 255 330 381 12 468 126 233 163 296
597 EH4550 DXVZ BPZ JJQ 254 414 22 357 423 406 288 1 416 378 339 474 9 100 148 53 396 361 375 131 26
1603 PM9306 OOAZ WFQ XXV 390 423 392 121 347 122 45 213 70 243 316 55 487 474 460 484 224 139 347 346 130
1413 US8272 DXVZ OUM HCU 329 73 440 457 15 362 191 411 122 161 386 231 380 339 348 88 100 27 287 10 196
448 NH6242 BQYR DJO CBK 292 87 243 44 117 360 354 445 157 172 154 245 336 118 12 356 401 21 283 475 460
2008 DQ2610 ESMH FDJ WFF 182 193 23 412 442 351 385 98 449 375 317 313 122 94 412 470 286 112 377 141 407
2744 LF6205 DXVZ HCU OUM 350 167 452 96 29 69 74 211 249 331 229 391 148 439 146 162 343 292 410 157 208
543 IE1748 OOAZ BAC WFQ 383 428 145 170 287 193 356 478 436 196 106 19 282 307 197 220 22 422 80 415 358
819 AI4405 OOAZ XXV XGV 466 179 383 106 196 271 99 438 411 382 108 198 232 323 468 196 462 382 205 474 110
